(50,200) (75,200) (75,175) (100,175) (100,200) (125,200) (125,225) (100,225) (100,250) (75,250) (75,225) (50,225)
(130,25) (150,25) (150,75) (225,75) (225,100) (150,100) (150,150) (130,150) (130,100) (60,100) (60,75) (130,75)
(170,175) (200,175) (200,125) (250,125) (250,175) (320,175) (320,200) (250,200) (250,250) (225,250) (225,200) (170,200)
(300,100) (300,125) (360,125) (360,50) (330,50) (330,100)
(400,100) (480,100) (480,200) (400,200)
(390,250) (430,250) (430,425) (350,425) (350,400) (390,400)
(240,300) (340,300) (340,325) (280,325) (280,475) (240,475)
(40,300) (180,300) (180,400) (150,400) (150,425) (125,425) (125,400) (100,400) (100,375) (155,375) (155,325) (70,325) (70,450) (40,450)
(150,450) (170,450) (170,475) (150,475) 
(700,200) (800,200) (800,100) (700,100)
(600,400) (900,400) (900,250) (850,250) (850,350) (650,350) (650,250) (600,250)
(800,550) (850,550) (850,500) (800,500)
(450,550) (600,550) (600,500) (550,500) (550,450) (450,450)
